{
  "height": 40,
  "width": 82,
  "x": 140.6666717529297,
  "y": 5656.9169921875
}